0,-2.5,-5.000000000000000e-01,+5.000000000000000e-01,-5.000000000000000e-01,+5.000000000000000e-01,-5.000000000000000e-01,+5.000000000000000e-01,-5.000000000000000e-01,+5.000000000000000e-01,-5.000000000000000e-01,+5.000000000000000e-01,-5.000000000000000e-01
0.1,-2.5,-4.975046827327805e-01,+4.950130032304196e-01,-4.950166385664246e-01,+4.950166361479994e-01,-4.950166361521183e-01,+4.950166361458088e-01,-4.950166361521188e-01,+4.950166361480006e-01,-4.950166385664266e-01,+4.950130032304220e-01,-4.975046827327816e-01
0.2,-2.50000000000001,-4.900746953118918e-01,+4.802072096027215e-01,-4.802648745172287e-01,+4.802647207368827e-01,-4.802647209831757e-01,+4.802647209453839e-01,-4.802647209831744e-01,+4.802647207368814e-01,-4.802648745172289e-01,+4.802072096027220e-01,-4.900746953118921e-01
0.3,-2.50000000000001,-4.778762285451949e-01,+4.560419441740322e-01,-4.563296981113322e-01,+4.563279708159610e-01,-4.563279765858848e-01,+4.563279765048371e-01,-4.563279765858824e-01,+4.563279708159587e-01,-4.563296981113324e-01,+4.560419441740325e-01,-4.778762285451950e-01
0.4,-2.50000000000002,-4.611806582441084e-01,+4.232621771082979e-01,-4.241534655986104e-01,+4.241439502402122e-01,-4.241440065909812e-01,+4.241440061703787e-01,-4.241440065909879e-01,+4.241439502402284e-01,-4.241534655986230e-01,+4.232621771083028e-01,-4.611806582441090e-01
0.5,-2.50000000000002,-4.403563567785839e-01,+3.828687372504904e-01,-3.849890410457231e-01,+3.849536507991329e-01,-3.849539782824272e-01,+3.849539761142210e-01,-3.849539782824388e-01,+3.849536507991576e-01,-3.849890410457402e-01,+3.828687372504959e-01,-4.403563567785847e-01
0.6,-2.50000000000003,-4.158576696981394e-01,+3.360786897924440e-01,-3.403382011702132e-01,+3.402357408269758e-01,-3.402371076705596e-01,+3.402370958389814e-01,-3.402371076705643e-01,+3.402357408269999e-01,-3.403382011702361e-01,+3.360786897924511e-01,-4.158576696981395e-01
0.7,-2.50000000000006,-3.882114706937063e-01,+2.842778083202708e-01,-2.918789596222277e-01,+2.916298263254187e-01,-2.916343570627983e-01,+2.916343054660804e-01,-2.916343570628045e-01,+2.916298263254465e-01,-2.918789596222517e-01,+2.842778083202774e-01,-3.882114706937057e-01
0.8,-2.50000000000004,-3.580017965139387e-01,+2.289674277345371e-01,-2.413860362014127e-01,+2.408536686983578e-01,-2.408663396579237e-01,+2.408661518807539e-01,-2.408663396579272e-01,+2.408536686983886e-01,-2.413860362014416e-01,+2.289674277345444e-01,-3.580017965139380e-01
0.9,-2.50000000000007,-3.258531205883754e-01,+1.717081842151857e-01,-1.906489847375106e-01,+1.896195143137494e-01,-1.896506025438230e-01,+1.896500186815441e-01,-1.896506025438263e-01,+1.896195143137782e-01,-1.906489847375399e-01,+1.717081842151933e-01,-3.258531205883752e-01
1,-2.50000000000006,-2.924128665934118e-01,+1.140632343312097e-01,-1.413924618558431e-01,+1.395545183831277e-01,-1.396232468676264e-01,+1.396216452050811e-01,-1.396232468676256e-01,+1.395545183831542e-01,-1.413924618558710e-01,+1.140632343312160e-01,-2.924128665934109e-01
1.1,-2.50000000000006,-2.583337670690845e-01,+5.754348113154233e-02,-9.520282019195329e-02,+9.212972139555957e-02,-9.226927022930527e-02,+9.226530992647988e-02,-9.226927022930176e-02,+9.212972139557936e-02,-9.520282019197894e-02,+5.754348113154586e-02,-2.583337670690832e-01
1.2,-2.50000000000005,-2.242566645762104e-01,+3.557145442760088e-03,-5.346463657283678e-02,+4.860123445059251e-02,-4.886517426894984e-02,+4.885619104927381e-02,-4.886517426893837e-02,+4.860123445061524e-02,-5.346463657286084e-02,+3.557145442762561e-03,-2.242566645762080e-01
1.3,-2.50000000000008,-1.907943057679760e-01,-4.663429694918816e-02,-1.731004061251147e-02,+9.966280529563236e-03,-1.043633479911115e-02,+1.041739519842190e-02,-1.043633479908908e-02,+9.966280529585160e-03,-1.731004061253660e-02,-4.663429694918348e-02,-1.907943057679742e-01
1.4,-2.50000000000006,-1.585166262621936e-01,-9.195219485275283e-02,+1.241719469734433e-02,-2.306436550524522e-02,+2.226948961224651e-02,-2.230699537881259e-02,+2.226948961226006e-02,-2.306436550522933e-02,+1.241719469732597e-02,-9.195219485275082e-02,-1.585166262621924e-01
1.5,-2.50000000000007,-1.279379378934458e-01,-1.315276814824830e-01,+3.518178023179897e-02,-5.007712847633787e-02,+4.879227316092916e-02,-4.886261108093182e-02,+4.879227316094202e-02,-5.007712847632679e-02,+3.518178023178288e-02,-1.315276814824820e-01,-1.279379378934457e-01
1.6,-2.50000000000007,-9.950634872587233e-02,-1.647188822905591e-01,+5.076119979044553e-02,-7.095021358270329e-02,+6.895425596037261e-02,-6.908002230338321e-02,+6.895425596039011e-02,-7.095021358269166e-02,+5.076119979043325e-02,-1.647188822905599e-01,-9.950634872587233e-02
1.7,-2.50000000000008,-7.359563615784315e-02,-1.911182631211979e-01,+5.923497388827567e-02,-8.583358534980516e-02,+8.284059560428395e-02,-8.305616972744488e-02,+8.284059560430279e-02,-8.583358534979647e-02,+5.923497388826787e-02,-1.911182631212005e-01,-7.359563615784220e-02
1.8,-2.50000000000008,-5.049970393036809e-02,-2.105504874614764e-01,+6.096049399147071e-02,-9.511663866382110e-02,+9.076851623308088e-02,-9.112436033779295e-02,+9.076851623310335e-02,-9.511663866381337e-02,+6.096049399146584e-02,-2.105504874614790e-01,-5.049970393036973e-02
1.9,-2.50000000000008,-3.042964078081027e-02,-2.230615985976675e-01,+5.653762034819770e-02,-9.938639132831532e-02,+9.324782419245820e-02,-9.381562766774780e-02,+9.324782419248336e-02,-9.938639132831008e-02,+5.653762034819598e-02,-2.230615985976708e-01,-3.042964078081336e-02
2,-2.50000000000008,-1.351331790698349e-02,-2.289006839851338e-01,+4.676468447968488e-02,-9.937931346454897e-02,+9.093587970358993e-02,-9.181449765323672e-02,+9.093587970361050e-02,-9.937931346454699e-02,+4.676468447969087e-02,-2.289006839851415e-01,-1.351331790698479e-02
2.1,-2.50000000000009,+2.026348640339901e-04,-2.284954603593236e-01,+3.258877112089912e-02,-9.593000390632928e-02,+8.459015210219969e-02,-8.591218764298392e-02,+8.459015210222480e-02,-9.593000390633125e-02,+3.258877112091134e-02,-2.284954603593326e-01,+2.026348640318252e-04
2.2,-2.50000000000008,+1.074869220746330e-02,-2.224233623242139e-01,+1.505322641064338e-02,-8.991979285059265e-02,+7.502128191777843e-02,-7.696009072216903e-02,+7.502128191779583e-02,-8.991979285059805e-02,+1.505322641065390e-02,-2.224233623242226e-01,+1.074869220746158e-02
2.3,-2.50000000000009,+1.822642277197874e-02,-2.113797977722024e-01,-4.754778957625633e-03,-8.222807491982161e-02,+6.304924317773122e-02,-6.582602860012961e-02,+6.304924317774827e-02,-8.222807491982803e-02,-4.754778957612266e-03,-2.113797977722127e-01,+1.822642277197408e-02
2.4,-2.50000000000009,+2.280092028585334e-02,-1.961451754709167e-01,-2.575405308458594e-02,-7.368874247848650e-02,+4.946469945964416e-02,-5.335529742302612e-02,+4.946469945966308e-02,-7.368874247849842e-02,-2.575405308457177e-02,-1.961451754709252e-01,+2.280092028585037e-02
2.5,-2.50000000000009,+2.469202716165189e-02,-1.775522107594213e-01,-4.691435565035152e-02,-6.505357947117495e-02,+3.499710378545504e-02,-4.033797013232641e-02,+3.499710378547215e-02,-6.505357947118789e-02,-4.691435565033628e-02,-1.775522107594307e-01,+2.469202716165000e-02
2.6,-2.50000000000009,+2.416470050706688e-02,-1.564548021980087e-01,-6.729480216374634e-02,-5.696389246595171e-02,+2.029047384475567e-02,-2.748335504823622e-02,+2.029047384477253e-02,-5.696389246596634e-02,-6.729480216373210e-02,-1.564548021980157e-01,+2.416470050706227e-02
2.7,-2.50000000000009,+2.151887433488547e-02,-1.336995540592422e-01,-8.607447880722867e-02,-4.993106743178168e-02,+5.887194442850946e-03,-1.540193695896860e-02,+5.887194442867329e-03,-4.993106743179890e-02,-8.607447880721383e-02,-1.336995540592493e-01,+2.151887433487958e-02
2.8,-2.50000000000009,+1.707914775963967e-02,-1.101007314340357e-01,-1.025745791089916e-01,-4.432616263304733e-02,-7.780360246475320e-03,-4.594628674183772e-03,-7.780360246461154e-03,-4.432616263306178e-02,-1.025745791089780e-01,-1.101007314340405e-01,+1.707914775963565e-02
2.9,-2.50000000000009,+1.118460761603127e-02,-8.641917763228119e-02,-1.162718935801843e-01,-4.037812313148539e-02,-2.039105221689783e-02,+4.551277889629497e-03,-2.039105221688402e-02,-4.037812313150012e-02,-1.162718935801711e-01,-8.641917763228450e-02,+1.118460761602764e-02
3,-2.50000000000009,+4.179057441917769e-03,-6.334544277296732e-02,-1.268039595877310e-01,-3.817975979875253e-02,-3.173008728524684e-02,+1.176038400555700e-02,-3.173008728523567e-02,-3.817975979876975e-02,-1.268039595877177e-01,-6.334544277296840e-02,+4.179057441914355e-03
3.1,-2.50000000000009,-3.598114289518675e-03,-4.148715078493592e-02,-1.339665908625804e-01,-3.770027445126172e-02,-4.167928296623488e-02,+1.686282670906187e-02,-4.167928296622601e-02,-3.770027445127944e-02,-1.339665908625682e-01,-4.148715078493605e-02,-3.598114289520729e-03
3.2,-2.50000000000009,-1.182023222626493e-02,-2.136042206137101e-02,-1.377048285001029e-01,-3.880288612631465e-02,-5.020389050744522e-02,+1.978451884300229e-02,-5.020389050743712e-02,-3.880288612633331e-02,-1.377048285000934e-01,-2.136042206137151e-02,-1.182023222626824e-02
3.3,-2.50000000000009,-2.018065099193418e-02,-3.385026562209774e-03,-1.380985887615364e-01,-4.126596660238767e-02,-5.733737684653240e-02,+2.053521952920584e-02,-5.733737684652478e-02,-4.126596660240572e-02,-1.380985887615288e-01,-3.385026562211301e-03,-2.018065099193467e-02
3.4,-2.50000000000009,-2.839897806489490e-02,+1.211716410793140e-02,-1.353444026853831e-01,-4.480609655170460e-02,-6.316546060190849e-02,+1.919554759192760e-02,-6.316546060190396e-02,-4.480609655172114e-02,-1.353444026853771e-01,+1.211716410793254e-02,-2.839897806489809e-02
3.5,-2.50000000000009,-3.622613771670181e-02,+2.492091207028656e-02,-1.297346784405736e-01,-4.910151152225462e-02,-6.781053425344861e-02,+1.590389972539660e-02,-6.781053425344624e-02,-4.910151152226962e-02,-1.297346784405712e-01,+2.492091207028799e-02,-3.622613771670523e-02
3.6,-2.50000000000009,-4.344823354007143e-02,+3.489402775382162e-02,-1.216358393530295e-01,-5.381460430271356e-02,-7.141734820172742e-02,+1.084399528745018e-02,-7.141734820172491e-02,-5.381460430272705e-02,-1.216358393530295e-01,+3.489402775382688e-02,-4.344823354007518e-02
3.7,-2.50000000000008,-4.988921791419312e-02,+4.199194464813102e-02,-1.114665631797871e-01,-5.861234446473689e-02,-7.414059894020129e-02,+4.233559701583008e-03,-7.414059894019852e-02,-5.861234446474951e-02,-1.114665631797896e-01,+4.199194464813859e-02,-4.988921791419667e-02
3.8,-2.50000000000008,-5.541238281378875e-02,+4.625086931432874e-02,-9.967712686226851e-02,-6.318378988469742e-02,-7.613476859295534e-02,-3.685602321226644e-03,-7.613476859295536e-02,-6.318378988470968e-02,-9.967712686227220e-02,+4.625086931434105e-02,-5.541238281379613e-02
3.9,-2.50000000000007,-5.992073469250649e-02,+4.777988057221116e-02,-8.673064259474775e-02,-6.725411402324119e-02,-7.754635385579788e-02,-1.265607081182800e-02,-7.754635385579763e-02,-6.725411402325265e-02,-8.673064259474997e-02,+4.777988057222615e-02,-5.992073469251581e-02
4,-2.50000000000006,-6.335631521477438e-02,+4.675225915247831e-02,-7.308669207905040e-02,-7.059489939905077e-02,-7.850838478163225e-02,-2.241193535593120e-02,-7.850838478163362e-02,-7.059489939906137e-02,-7.308669207905059e-02,+4.675225915249630e-02,-6.335631521479003e-02
4.1,-2.50000000000006,-6.569856783605792e-02,+4.339629098638184e-02,-5.918764206147201e-02,-7.303067586099432e-02,-7.913700842032241e-02,-3.268479361506066e-02,-7.913700842032365e-02,-7.303067586100445e-02,-5.918764206147157e-02,+4.339629098639908e-02,-6.569856783607393e-02
4.2,-2.50000000000006,-6.696184571020530e-02,+3.798570470178612e-02,-4.544767429053311e-02,-7.444194095045764e-02,-7.952978085796361e-02,-4.320892578524380e-02,-7.952978085796553e-02,-7.444194095046727e-02,-4.544767429053310e-02,+3.798570470180260e-02,-6.696184571021935e-02
4.3,-2.50000000000006,-6.719218855886173e-02,+3.082989494479847e-02,-3.224440663872389e-02,-7.476504428905477e-02,-7.976528965391383e-02,-5.372593160848099e-02,-7.976528965391515e-02,-7.476504428906347e-02,-3.224440663872261e-02,+3.082989494481306e-02,-6.719218855887481e-02
4.4,-2.50000000000006,-6.646348495683960e-02,+2.226402813895058e-02,-1.991282123602594e-02,-7.398946882815018e-02,-7.990370163867924e-02,-6.398910295850095e-02,-7.990370163867817e-02,-7.398946882815981e-02,-1.991282123602705e-02,+2.226402813896934e-02,-6.646348495685866e-02
4.5,-2.50000000000006,-6.487316492210847e-02,+1.263915419652729e-02,-8.741162581449085e-03,-7.215307937208715e-02,-7.998789248978792e-02,-7.376770966217822e-02,-7.998789248978656e-02,-7.215307937209650e-02,-8.741162581450289e-03,+1.263915419654487e-02,-6.487316492212784e-02
4.6,-2.50000000000006,-6.253755045230916e-02,+2.312421748487095e-03,+1.031583930680382e-03,-6.933594611460417e-02,-8.004486106502240e-02,-8.285129609445714e-02,-8.004486106502026e-02,-6.933594611461343e-02,+1.031583930681961e-03,+2.312421748500578e-03,-6.253755045232337e-02
4.7,-2.50000000000006,-5.958701525758908e-02,-8.362454937774731e-03,+9.216979744926699e-03,-6.565329705472274e-02,-8.008723174443926e-02,-9.105396150079324e-02,-8.008723174443701e-02,-6.565329705473172e-02,+9.216979744928990e-03,-8.362454937763775e-03,-5.958701525760393e-02
4.8,-2.50000000000006,-5.616108111220609e-02,-1.904433949844864e-02,+1.567749970018006e-02,-6.124810310206180e-02,-8.011472529458423e-02,-9.821850138575522e-02,-8.011472529458293e-02,-6.124810310207018e-02,+1.567749970018716e-02,-1.904433949844353e-02,-5.616108111221464e-02
4.9,-2.50000000000006,-5.240360003689878e-02,-2.941323264870795e-02,+2.032619080889359e-02,-5.628369121030669e-02,-8.011557276606662e-02,-1.042201882938264e-01,-8.011557276606551e-02,-5.628369121031367e-02,+2.032619080890239e-02,-2.941323264870596e-02,-5.240360003690447e-02
5,-2.50000000000005,-4.845813329926772e-02,-3.917807321266582e-02,+2.312576574247322e-02,-5.093669141634029e-02,-8.006791412700931e-02,-1.089699073743803e-01,-8.006791412700749e-02,-5.093669141634833e-02,+2.312576574248306e-02,-3.917807321266729e-02,-4.845813329926967e-02
5.1,-2.50000000000006,-4.446366397567289e-02,-4.808355852705142e-02,+2.408716919402079e-02,-4.539050385592172e-02,-7.994127658314688e-02,-1.124163325044562e-01,-7.994127658314526e-02,-4.539050385592976e-02,+2.408716919403225e-02,-4.808355852705838e-02,-4.446366397567059e-02
5.2,-2.50000000000006,-4.055072871277798e-02,-5.591580738725466e-02,+2.326759620568573e-02,-3.982938517967918e-02,-7.969826012336553e-02,-1.145468296052152e-01,-7.969826012336387e-02,-3.982938517968664e-02,+2.326759620569618e-02,-5.591580738726359e-02,-4.055072871277529e-02
5.3,-2.50000000000006,-3.683807527186622e-02,-6.250667071722245e-02,+2.076788023052701e-02,-3.443316844086467e-02,-7.929654765127102e-02,-1.153868362986094e-01,-7.929654765126909e-02,-3.443316844087085e-02,+2.076788023053905e-02,-6.250667071723420e-02,-3.683807527185809e-02
5.4,-2.50000000000006,-3.342989965619483e-02,-6.773656037644943e-02,+1.672914930214128e-02,-2.937257091635275e-02,-7.869134941378926e-02,-1.149975378787114e-01,-7.869134941378718e-02,-2.937257091635832e-02,+1.672914930215132e-02,-6.773656037646285e-02,-3.342989965618672e-02
5.5,-2.50000000000006,-3.041372791459613e-02,-7.153568706680152e-02,+1.132865292438076e-02,-2.480501802653252e-02,-7.783831711365756e-02,-1.134718056055905e-01,-7.783831711365598e-02,-2.480501802653579e-02,+1.132865292438978e-02,-7.153568706681618e-02,-3.041372791458425e-02
5.6,-2.50000000000006,-2.785895803944278e-02,-7.388367435943580e-02,+4.774687474252841e-03,-2.087088947395305e-02,-7.669692504878942e-02,-1.109284811052665e-01,-7.669692504878763e-02,-2.087088947395643e-02,+4.774687474260123e-03,-7.388367435945151e-02,-2.785895803942987e-02
5.7,-2.50000000000005,-2.581608028023002e-02,-7.480756625058158e-02,-2.699389544419199e-03,-1.769012542091698e-02,-7.523419962560950e-02,-1.075052777564833e-01,-7.523419962560624e-02,-1.769012542091946e-02,-2.699389544414357e-03,-7.480756625059796e-02,-2.581608028022141e-02
5.8,-2.50000000000005,-2.431655132930528e-02,-7.437831754119610e-02,-1.084201374462927e-02,-1.535913858998594e-02,-7.342863705024472e-02,-1.033506834892831e-01,-7.342863705024356e-02,-1.535913858998737e-02,-1.084201374462478e-02,-7.437831754121223e-02,-2.431655132928746e-02
5.9,-2.50000000000006,-2.337329484597979e-02,-7.270592019838923e-02,-1.939100057296041e-02,-1.394804809114869e-02,-7.127403074858003e-02,-9.861541108589121e-02,-7.127403074857988e-02,-1.394804809114896e-02,-1.939100057295685e-02,-7.270592019840422e-02,-2.337329484596067e-02
6,-2.50000000000005,-2.298176815958822e-02,-6.993336957904654e-02,-2.808167811619112e-02,-1.349826845899716e-02,-6.878292160807245e-02,-9.344398815621427e-02,-6.878292160807196e-02,-1.349826845899909e-02,-2.808167811618881e-02,-6.993336957906390e-02,-2.298176815956630e-02
6.1,-2.50000000000004,-2.312152902440906e-02,-6.622973404114398e-02,-3.665528957480008e-02,-1.402056572061466e-02,-6.598930706491594e-02,-8.796714914823911e-02,-6.598930706491571e-02,-1.402056572061535e-02,-3.665528957479927e-02,-6.622973404115803e-02,-2.312152902438866e-02
6.2,-2.50000000000005,-2.375821638358724e-02,-6.178260796962547e-02,-4.486736782865920e-02,-1.549369547474910e-02,-6.295030028503797e-02,-8.229562411668473e-02,-6.295030028503983e-02,-1.549369547474899e-02,-4.486736782866193e-02,-6.178260796963914e-02,-2.375821638356640e-02
6.3,-2.50000000000005,-2.484585281689184e-02,-5.679027020929374e-02,-5.249572581433238e-02,-1.786379540422156e-02,-5.974642395236342e-02,-7.651586360579515e-02,-5.974642395236673e-02,-1.786379540421969e-02,-5.249572581433878e-02,-5.679027020930415e-02,-2.484585281687255e-02
6.4,-2.50000000000005,-2.632937012961326e-02,-5.145384716024966e-02,-5.934772987533529e-02,-2.104467515466175e-02,-5.648034966394241e-02,-7.068805603239919e-02,-5.648034966394416e-02,-2.104467515466218e-02,-5.934772987534007e-02,-5.145384716026003e-02,-2.632937012959183e-02
6.5,-2.50000000000005,-2.814725483785896e-02,-4.596979807472971e-02,-6.526651000185278e-02,-2.491916355761366e-02,-5.327395774812164e-02,-6.484663155965079e-02,-5.327395774812006e-02,-2.491916355761295e-02,-6.526651000186071e-02,-4.596979807473613e-02,-2.814725483784252e-02
6.6,-2.50000000000005,-3.023421707631137e-02,-4.052298228425548e-02,-7.013582870932154e-02,-2.934160597420620e-02,-5.026376623048801e-02,-5.900319945084176e-02,-5.026376623048993e-02,-2.934160597420552e-02,-7.013582870933047e-02,-4.052298228425806e-02,-3.023421707629166e-02
6.7,-2.50000000000004,-3.252378422319709e-02,-3.528056441724145e-02,-7.388336142735757e-02,-3.414157717387190e-02,-4.759488129899710e-02,-5.315166291866770e-02,-4.759488129900100e-02,-3.414157717387232e-02,-7.388336142736822e-02,-3.528056441724256e-02,-3.252378422318310e-02
6.8,-2.50000000000005,-3.495073802618433e-02,-3.038693235545529e-02,-7.648223986534229e-02,-3.912878085496905e-02,-4.541379384264111e-02,-4.727503011081462e-02,-4.541379384264443e-02,-3.912878085496887e-02,-7.648223986535703e-02,-3.038693235545140e-02,-3.495073802617140e-02
6.9,-2.50000000000006,-3.745331433009860e-02,-2.595978415523118e-02,-7.795077251582712e-02,-4.409904720237138e-02,-4.386044088449900e-02,-4.135328182394640e-02,-4.386044088450212e-02,-4.409904720237053e-02,-7.795077251584345e-02,-2.595978415522482e-02,-3.745331433008539e-02
7,-2.50000000000005,-3.997510822350615e-02,-2.208745203676373e-02,-7.835036372386149e-02,-4.884124341998332e-02,-4.306006400163142e-02,-3.537153718850795e-02,-4.306006400163595e-02,-4.884124341998273e-02,-7.835036372387921e-02,-2.208745203675477e-02,-3.997510822349321e-02
7.1,-2.50000000000005,-4.246663310635273e-02,-1.882750303209181e-02,-7.778172981733178e-02,-5.314484042514792e-02,-4.311543753908093e-02,-2.932771215999165e-02,-4.311543753908521e-02,-5.314484042514718e-02,-7.778172981734977e-02,-1.882750303208156e-02,-4.246663310633941e-02
7.2,-2.50000000000006,-4.488650272885360e-02,-1.620658282654779e-02,-7.637960064530608e-02,-5.680781602552498e-02,-4.410004686774644e-02,-2.323890181204119e-02,-4.410004686775086e-02,-5.680781602552626e-02,-7.637960064532623e-02,-1.620658282653300e-02,-4.488650272884347e-02
7.3,-2.50000000000007,-4.720221730955732e-02,-1.422143646435554e-02,-7.430616746292151e-02,-5.964451652664925e-02,-4.605276005203454e-02,-1.714580436895954e-02,-4.605276005203918e-02,-5.964451652665204e-02,-7.430616746294182e-02,-1.422143646433835e-02,-4.720221730955088e-02
7.4,-2.50000000000007,-4.939055494831791e-02,-1.284098456255478e-02,-7.174359458373655e-02,-6.149308866841278e-02,-4.897443242873133e-02,-1.111468961649876e-02,-4.897443242873505e-02,-6.149308866841513e-02,-7.174359458375479e-02,-1.284098456253606e-02,-4.939055494830680e-02
7.5,-2.50000000000007,-5.143757547625704e-02,-1.200931614653635e-02,-6.888595772821877e-02,-6.222208191601006e-02,-5.282676571059775e-02,-5.236606044764005e-03,-5.282676571060189e-02,-6.222208191601288e-02,-6.888595772823686e-02,-1.200931614651674e-02,-5.143757547624763e-02
7.6,-2.50000000000006,-5.333826687174928e-02,-1.164942004873943e-02,-6.593098664703499e-02,-6.173586945362657e-02,-5.753355915010130e-02,+3.762043424952543e-04,-5.753355915010437e-02,-6.173586945363022e-02,-6.593098664705219e-02,-1.164942004871666e-02,-5.333826687174043e-02
7.7,-2.50000000000007,-5.509586566239637e-02,-1.166747322680990e-02,-6.307199948985895e-02,-5.997857446672744e-02,-6.298433265025954e-02,+5.596490992098235e-03,-6.298433265026239e-02,-5.997857446673196e-02,-6.307199948987482e-02,-1.166747322678810e-02,-5.509586566238871e-02
7.8,-2.50000000000007,-5.672089929214361e-02,-1.195749059569227e-02,-6.049038425661043e-02,-5.693629333278553e-02,-6.904008856472736e-02,+1.029031208391477e-02,-6.904008856473001e-02,-5.693629333279095e-02,-6.049038425662549e-02,-1.195749059567016e-02,-5.672089929213900e-02
7.9,-2.50000000000007,-5.823000336137906e-02,-1.240614067635227e-02,-5.834895754327585e-02,-5.263747975122775e-02,-7.554084184886523e-02,+1.432684636219528e-02,-7.554084184886724e-02,-5.263747975123283e-02,-5.834895754328969e-02,-1.240614067633175e-02,-5.823000336137345e-02
8,-2.50000000000007,-5.964456538405831e-02,-1.289755013384685e-02,-5.678646049838568e-02,-4.715148934840147e-02,-8.231437685216020e-02,+1.758888443369959e-02,-8.231437685216131e-02,-4.715148934840750e-02,-5.678646049839679e-02,-1.289755013382717e-02,-5.964456538405420e-02
8.1,-2.50000000000007,-6.098926325916402e-02,-1.331791340412884e-02,-5.591339858552205e-02,-4.058536544257356e-02,-8.918562546006929e-02,+1.998313230291396e-02,-8.918562546007039e-02,-4.058536544258037e-02,-5.591339858553148e-02,-1.331791340411163e-02,-6.098926325916235e-02
8.2,-2.50000000000008,-6.229054748845825e-02,-1.355976939396719e-02,-5.580934126373550e-02,-3.307907438010411e-02,-9.598598744456101e-02,+2.144943994164811e-02,-9.598598744456162e-02,-3.307907438011015e-02,-5.580934126374333e-02,-1.355976939395270e-02,-6.229054748845433e-02
8.3,-2.50000000000008,-6.357513626560372e-02,-1.352579944274044e-02,-5.652173007093517e-02,-2.479945939841434e-02,-1.025619569693693e-01,+2.196816429411767e-02,-1.025619569693681e-01,-2.479945939842072e-02,-5.652173007093943e-02,-1.352579944272879e-02,-6.357513626559745e-02
8.4,-2.50000000000008,-6.486856700211775e-02,-1.313205784548651e-02,-5.806615379989660e-02,-1.593326870521769e-02,-1.087824571766473e-01,+2.156500905873270e-02,-1.087824571766477e-01,-1.593326870522307e-02,-5.806615379990084e-02,-1.313205784548093e-02,-6.486856700211442e-02
8.5,-2.50000000000009,-6.619386179058172e-02,-1.231054353722649e-02,-6.042798552074912e-02,-6.679629923275516e-03,-1.145444310014371e-01,+2.031290354654328e-02,-1.145444310014365e-01,-6.679629923281501e-03,-6.042798552075117e-02,-1.231054353722553e-02,-6.619386179057864e-02
8.6,-2.50000000000008,-6.757034383709710e-02,-1.101107732308469e-02,-6.356520450147482e-02,+2.757625367826243e-03,-1.197763533345267e-01,+1.833070725671693e-02,-1.197763533345262e-01,+2.757625367819903e-03,-6.356520450147415e-02,-1.101107732308862e-02,-6.757034383709069e-02
8.7,-2.50000000000008,-6.901264277492222e-02,-9.202454188633880e-03,-6.741218152415665e-02,+1.217741783030347e-02,-1.244395376400516e-01,+1.577879659491587e-02,-1.244395376400493e-01,+1.217741783029866e-02,-6.741218152415206e-02,-9.202454188641207e-03,-6.901264277491101e-02
8.8,-2.50000000000009,-7.052991302370654e-02,-6.872890303657748e-03,-7.188416610303654e-02,+2.138830921514089e-02,-1.285272502948432e-01,+1.285182102021215e-02,-1.285272502948430e-01,+2.138830921513552e-02,-7.188416610303294e-02,-6.872890303669058e-03,-7.052991302369935e-02
8.9,-2.50000000000009,-7.212528537758937e-02,-4.029789184489992e-03,-7.688219432399687e-02,+3.021454422734867e-02,-1.320618431562982e-01,+9.769135630058209e-03,-1.320618431562980e-01,+3.021454422734398e-02,-7.688219432399143e-02,-4.029789184504549e-03,-7.212528537758238e-02
9,-2.50000000000009,-7.379555855294802e-02,-6.988971947593007e-04,-8.229813518284312e-02,+3.850102479132375e-02,-1.350902243763520e-01,+6.763581031163179e-03,-1.350902243763521e-01,+3.850102479132071e-02,-8.229813518283638e-02,-6.988971947770920e-04,-7.379555855293977e-02
9.1,-2.5000000000001,-7.553113385133474e-02,+3.077082566616147e-03,-8.801959715610363e-02,+4.611707252929532e-02,-1.376781128692096e-01,+4.069377561478370e-03,-1.376781128692086e-01,+4.611707252929307e-02,-8.801959715609536e-02,+3.077082566595532e-03,-7.553113385132666e-02
9.2,-2.50000000000009,-7.731618298658667e-02,+7.240311319833330e-03,-9.393445237743092e-02,+5.295890907838959e-02,-1.399035613018429e-01,+1.909952535282332e-03,-1.399035613018423e-01,+5.295890907838743e-02,-9.393445237742293e-02,+7.240311319809287e-03,-7.731618298657648e-02
9.3,-2.50000000000009,-7.912903878913326e-02,+1.171997433401566e-02,-9.993475936916160e-02,+5.895084720171898e-02,-1.418502584539041e-01,+4.864701529403946e-04,-1.418502584539048e-01,+5.895084720171778e-02,-9.993475936915402e-02,+1.171997433398920e-02,-7.912903878912421e-02
9.4,-2.5000000000001,-8.094278380061964e-02,+1.643465578048137e-02,-1.059199267758868e-01,+6.404525388470279e-02,-1.436010852609915e-01,-3.222765536118024e-05,-1.436010852609914e-01,+6.404525388470289e-02,-1.059199267758792e-01,+1.643465578045484e-02,-8.094278380061243e-02
9.5,-2.5000000000001,-8.272601587811622e-02,+2.129482652133468e-02,-1.117989964381950e-01,+6.822138533298623e-02,-1.452323349791605e-01,+4.822708823179747e-04,-1.452323349791612e-01,+6.822138533298763e-02,-1.117989964381889e-01,+2.129482652130658e-02,-8.272601587811114e-02
9.6,-2.50000000000011,-8.444376006965200e-02,+2.620533085694489e-02,-1.174920025269900e-01,+7.148324917783830e-02,-1.468089164259502e-01,+2.112197975630361e-03,-1.468089164259499e-01,+7.148324917784137e-02,-1.174920025269841e-01,+2.620533085691882e-02,-8.444376006964747e-02
9.7,-2.50000000000011,-8.605849549346990e-02,+3.106778503295675e-02,-1.229303975097644e-01,+7.385665818913786e-02,-1.483807462106752e-01,+4.890391983646023e-03,-1.483807462106753e-01,+7.385665818914218e-02,-1.229303975097610e-01,+3.106778503293095e-02,-8.605849549346796e-02
9.8,-2.50000000000011,-8.753126648135331e-02,+3.578280630929550e-02,-1.280566193627424e-01,+7.538568113990342e-02,-1.499804265948207e-01,+8.799649979447408e-03,-1.499804265948198e-01,+7.538568113990930e-02,-1.280566193627393e-01,+3.578280630927311e-02,-8.753126648135320e-02
9.9,-2.50000000000011,-8.882284349095504e-02,+4.025202083642823e-02,-1.328229006942062e-01,+7.612868372804141e-02,-1.516221901051632e-01,+1.377445945172274e-02,-1.516221901051616e-01,+7.612868372804814e-02,-1.328229006942042e-01,+4.025202083640726e-02,-8.882284349095737e-02
10,-2.50000000000012,-8.989490510421907e-02,+4.437981658956097e-02,-1.371894886131600e-01,+7.615417283386462e-02,-1.533020035173904e-01,+1.970481562270028e-02,-1.533020035173885e-01,+7.615417283387232e-02,-1.371894886131599e-01,+4.437981658954400e-02,-8.989490510422418e-02
10.1,-2.50000000000012,-9.071120731945009e-02,+4.807483501064685e-02,-1.411224567219064e-01,+7.553663079475563e-02,-1.549986438854244e-01,+2.644168424276620e-02,-1.549986438854211e-01,+7.553663079476353e-02,-1.411224567219063e-01,+4.807483501063241e-02,-9.071120731945628e-02
10.2,-2.50000000000011,-9.123871826975670e-02,+5.125121822162695e-02,-1.445913360598167e-01,+7.435253073294194e-02,-1.566755178654181e-01,+3.380364648085685e-02,-1.566755178654130e-01,+7.435253073294958e-02,-1.445913360598192e-01,+5.125121822161687e-02,-9.123871826976838e-02
10.3,-2.50000000000011,-9.144868572471171e-02,+5.382964652521605e-02,-1.475667746876748e-01,+7.267667802344331e-02,-1.582829683375093e-01,+4.158420840248466e-02,-1.582829683375034e-01,+7.267667802344986e-02,-1.475667746876797e-01,+5.382964652520873e-02,-9.144868572472384e-02
10.4,-2.50000000000011,-9.131762404651171e-02,+5.573822193829776e-02,-1.500184560702160e-01,+7.057901828372429e-02,-1.597608243255129e-01,+4.955932844045519e-02,-1.597608243255075e-01,+7.057901828373130e-02,-1.500184560702232e-01,+5.573822193829395e-02,-9.131762404653089e-02
10.5,-2.50000000000012,-9.082819035449520e-02,+5.691325475863276e-02,-1.519134602318490e-01,+6.812199621822959e-02,-1.610409761401750e-01,+5.749475149932943e-02,-1.610409761401683e-01,+6.812199621823713e-02,-1.519134602318585e-01,+5.691325475863358e-02,-9.082819035451663e-02
10.6,-2.50000000000012,-8.996994452759532e-02,+5.730002374012323e-02,-1.532152416885288e-01,+6.535853629634494e-02,-1.620498079715063e-01,+6.515286830234573e-02,-1.620498079715001e-01,+6.535853629635165e-02,-1.532152416885401e-01,+5.730002374012728e-02,-8.996994452762233e-02
10.7,-2.50000000000012,-8.873996424367635e-02,+5.685355906041103e-02,-1.538833329673639e-01,+6.233066621923539e-02,-1.627103839277728e-01,+7.229891171835387e-02,-1.627103839277667e-01,+6.233066621924298e-02,-1.538833329673760e-01,+5.685355906041829e-02,-8.873996424370599e-02
10.8,-2.50000000000012,-8.714331726309359e-02,+5.553950464314700e-02,-1.538738467354161e-01,+5.906878835345756e-02,-1.629443453933339e-01,+7.870643279049595e-02,-1.629443453933267e-01,+5.906878835346589e-02,-1.538738467354301e-01,+5.553950464315845e-02,-8.714331726312467e-02
10.9,-2.50000000000012,-8.519336303481852e-02,+5.333507235201920e-02,-1.531407780960216e-01,+5.559157253158028e-02,-1.626735522099846e-01,+8.416209691446382e-02,-1.626735522099758e-01,+5.559157253159077e-02,-1.531407780960362e-01,+5.333507235203454e-02,-8.519336303485171e-02
11,-2.50000000000011,-8.291189083517823e-02,+5.023010075415180e-02,-1.516380624964561e-01,+5.190643651807517e-02,-1.618215454355645e-01,+8.846992298996087e-02,-1.618215454355581e-01,+5.190643651808574e-02,-1.516380624964724e-01,+5.023010075417048e-02,-8.291189083521484e-02
11.1,-2.50000000000011,-8.032906877195647e-02,+4.622817844570984e-02,-1.493222775216849e-01,+4.801056479190762e-02,-1.603149627211559e-01,+9.145513155437790e-02,-1.603149627211507e-01,+4.801056479191871e-02,-1.493222775217005e-01,+4.622817844572900e-02,-8.032906877199456e-02
11.2,-2.5000000000001,-7.748321534054589e-02,+4.134778862892365e-02,-1.461558373801676e-01,+4.389241989935044e-02,-1.580850420007754e-01,+9.296777238644340e-02,-1.580850420007712e-01,+4.389241989936317e-02,-1.461558373801828e-01,+4.134778862894530e-02,-7.748321534058311e-02
11.3,-2.5000000000001,-7.442037062398274e-02,+3.562337999972150e-02,-1.421104797551070e-01,+3.953369406121904e-02,-1.550693592440310e-01,+9.288627112437420e-02,-1.550693592440277e-01,+3.953369406123272e-02,-1.421104797551206e-01,+3.562337999974163e-02,-7.442037062402021e-02
11.4,-2.5000000000001,-7.119368484693862e-02,+2.910627559557265e-02,-1.371708219780465e-01,+3.491164938528257e-02,-1.512138973902860e-01,+9.112095846883959e-02,-1.512138973902824e-01,+3.491164938529723e-02,-1.371708219780587e-01,+2.910627559559491e-02,-7.119368484697493e-02
11.5,-2.50000000000009,-6.786260651034842e-02,+2.186529035066157e-02,-1.313377421121210e-01,+3.000178413845339e-02,-1.464755063757860e-01,+8.761756101828913e-02,-1.464755063757829e-01,+3.000178413846789e-02,-1.313377421121303e-01,+2.186529035068229e-02,-6.786260651038564e-02
11.6,-2.5000000000001,-6.449189572621945e-02,+1.398695361262382e-02,-1.246313413994843e-01,+2.478074773368026e-02,-1.408247224682135e-01,+8.236051649523114e-02,-1.408247224682116e-01,+2.478074773369545e-02,-1.246313413994928e-01,+1.398695361264439e-02,-6.449189572625365e-02
11.7,-2.5000000000001,-6.115045349763525e-02,+5.575211307936909e-03,-1.170932542135618e-01,+1.922940182726815e-02,-1.342488494444290e-01,+7.537588804084706e-02,-1.342488494444285e-01,+1.922940182728364e-02,-1.170932542135677e-01,+5.575211307955061e-03,-6.115045349766844e-02
11.8,-2.5000000000001,-5.791000242739672e-02,-3.249470259607551e-03,-1.087880983828591e-01,+1.333589409652852e-02,-1.267551025879493e-01,+6.673355912256787e-02,-1.267551025879498e-01,+1.333589409654301e-02,-1.087880983828614e-01,-3.249470259590412e-03,-5.791000242742536e-02
11.9,-2.50000000000011,-5.484362105803414e-02,-1.235167695412305e-02,-9.980389817153534e-02,+7.098577726234099e-03,-1.183735604856676e-01,+5.654835788625186e-02,-1.183735604856688e-01,+7.098577726246825e-03,-9.980389817153383e-02,-1.235167695410884e-02,-5.484362105806118e-02
12,-2.50000000000011,-5.202417843428975e-02,-2.158330901900178e-02,-9.025136294938468e-02,+5.285804193154427e-04,-1.091596028725484e-01,+4.497974571181798e-02,-1.091596028725492e-01,+5.285804193264677e-04,-9.025136294938174e-02,-2.158330901899032e-02,-5.202417843431390e-02
12.1,-2.50000000000012,-4.952268276796219e-02,-3.078653090759743e-02,-8.026196702898387e-02,-6.348193637355180e-03,-9.919550811339092e-02,+3.222976491058040e-02,-9.919550811339185e-02,-6.348193637346396e-03,-8.026196702897766e-02,-3.078653090758874e-02,-4.952268276798614e-02
12.2,-2.50000000000012,-4.740660172163199e-02,-3.979733478585396e-02,-6.998484567779038e-02,-1.348984264376928e-02,-8.859088715323069e-02,+1.853902396455026e-02,-8.859088715323329e-02,-1.348984264375951e-02,-6.998484567778193e-02,-3.979733478584861e-02,-4.740660172165048e-02
12.3,-2.50000000000012,-4.573817886136793e-02,-4.844962442314089e-02,-5.958259665102519e-02,-2.083822199130595e-02,-7.748170051237464e-02,+4.180644878434586e-03,-7.748170051237764e-02,-2.083822199130040e-02,-5.958259665101453e-02,-4.844962442313954e-02,-4.573817886138766e-02
12.4,-2.50000000000012,-4.457280815025574e-02,-5.657966507254374e-02,-4.922614921419970e-02,-2.831981663327863e-02,-6.602768560844118e-02,-1.054775064256352e-02,-6.602768560844363e-02,-2.831981663327290e-02,-4.922614921418592e-02,-5.657966507254557e-02,-4.457280815026964e-02
12.5,-2.50000000000012,-4.395749987243506e-02,-6.403072996170324e-02,-3.908893681772357e-02,-3.584779882071094e-02,-5.440815448622765e-02,-2.533376008239759e-02,-5.440815448622841e-02,-3.584779882070969e-02,-3.908893681770604e-02,-6.403072996170873e-02,-4.395749987244913e-02
12.6,-2.50000000000012,-4.392949723731163e-02,-7.065774058673790e-02,-2.934066363953652e-02,-4.332524077154877e-02,-4.281625188010661e-02,-3.986121176951640e-02,-4.281625188010745e-02,-4.332524077154931e-02,-2.934066363951884e-02,-7.065774058674798e-02,-4.392949723731851e-02
12.7,-2.50000000000013,-4.451507825132590e-02,-7.633169703208913e-02,-2.014100830483573e-02,-5.064934103386173e-02,-3.145191816283404e-02,-5.382191443010403e-02,-3.145191816283323e-02,-5.064934103386690e-02,-2.014100830481695e-02,-7.633169703210270e-02,-4.451507825132956e-02
12.8,-2.50000000000012,-4.572859264653459e-02,-8.094369570108767e-02,-1.163362404899641e-02,-5.771641189915566e-02,-2.051392601260843e-02,-6.692749938322669e-02,-2.051392601260879e-02,-5.771641189916094e-02,-1.163362404897914e-02,-8.094369570110199e-02,-4.572859264653961e-02
12.9,-2.50000000000012,-4.757176199695624e-02,-8.440834819072332e-02,-3.940806680790326e-03,-6.442727241714996e-02,-1.019148117034595e-02,-7.892065908805702e-02,-1.019148117034582e-02,-6.442727241715775e-02,-3.940806680772840e-03,-8.440834819074018e-02,-4.757176199696082e-02
13,-2.50000000000012,-5.003327627401287e-02,-8.666645059913851e-02,+2.840835882375789e-03,-7.069261937737981e-02,-6.559388109676509e-04,-8.958510164174502e-02,-6.559388109646997e-04,-7.069261937739028e-02,+2.840835882393584e-03,-8.666645059915973e-02,-5.003327627401062e-02
13.1,-2.50000000000013,-5.308870136432138e-02,-8.768678021402919e-02,+8.643416747076417e-03,-7.643790490177572e-02,+7.946768464407738e-03,-9.875359746271091e-02,+7.946768464412762e-03,-7.643790490178784e-02,+8.643416747095805e-03,-8.768678021405210e-02,-5.308870136431566e-02
13.2,-2.50000000000012,-5.670071004093163e-02,-8.746695870566087e-02,+1.342930229838907e-02,-8.160726319933688e-02,+1.550243681716470e-02,-1.063136143392406e-01,+1.550243681716893e-02,-8.160726319935013e-02,+1.342930229840584e-02,-8.746695870568402e-02,-5.670071004092445e-02
13.3,-2.50000000000012,-6.081963390558132e-02,-8.603334828624165e-02,+1.719102001751833e-02,-8.616607601064755e-02,+2.193312677126381e-02,-1.122101771726160e-01,+2.193312677126778e-02,-8.616607601066120e-02,+1.719102001753322e-02,-8.603334828626423e-02,-6.081963390557133e-02
13.4,-2.50000000000012,-6.538432454071463e-02,-8.344002174707821e-02,+1.994954841789426e-02,-9.010188224732241e-02,+2.719956796204027e-02,-1.164457756896243e-01,+2.719956796204487e-02,-9.010188224733845e-02,+1.994954841790815e-02,-8.344002174710390e-02,-6.538432454070553e-02
13.5,-2.50000000000012,-7.032330505882313e-02,-7.976686249989404e-02,+2.175109076097262e-02,-9.342346641325242e-02,+3.130120366436352e-02,-1.190773209067137e-01,+3.130120366436757e-02,-9.342346641326922e-02,+2.175109076098335e-02,-7.976686249991939e-02,-7.032330505881547e-02
13.6,-2.50000000000013,-7.555617953018343e-02,-7.511692248543569e-02,+2.266256785475799e-02,-9.615814842845884e-02,+3.427385817841247e-02,-1.202103511781669e-01,+3.427385817841636e-02,-9.615814842847553e-02,+2.266256785476722e-02,-7.511692248545905e-02,-7.555617953017466e-02
13.7,-2.50000000000013,-8.099526629891951e-02,-6.961315893936823e-02,+2.276614062952857e-02,-9.834745902671423e-02,+3.618517116761834e-02,-1.199908550642723e-01,+3.618517116762236e-02,-9.834745902673048e-02,+2.276614062953498e-02,-6.961315893938966e-02,-8.099526629890993e-02
13.8,-2.50000000000013,-8.654740710905194e-02,-6.339472943813391e-02,+2.215317076577849e-02,-1.000415778970201e-01,+3.712816453851366e-02,-1.185952417201494e-01,+3.712816453851595e-02,-1.000415778970376e-01,+2.215317076578236e-02,-6.339472943815355e-02,-8.654740710904398e-02
13.9,-2.50000000000013,-9.211591101651805e-02,-5.661299209279080e-02,+2.091804784533724e-02,-1.012930294651920e-01,+3.721343393118973e-02,-1.162190984040251e-01,+3.721343393119192e-02,-1.012930294652096e-01,+2.091804784533786e-02,-5.661299209280934e-02,-9.211591101651186e-02
14,-2.50000000000013,-9.760257366286773e-02,-4.942739873941648e-02,+1.915234788189299e-02,-1.021502561271002e-01,+3.656061525195832e-02,-1.130654692089109e-01,+3.656061525196012e-02,-1.021502561271164e-01,+1.915234788189173e-02,-4.942739873943202e-02,-9.760257366285924e-02
14.1,-2.50000000000013,-1.029097319820475e-01,-4.200141351486487e-02,+1.693973304375628e-02,-1.026516943017347e-01,+3.528980848008116e-02,-1.093334034503520e-01,+3.528980848008216e-02,-1.026516943017512e-01,+1.693973304375085e-02,-4.200141351487821e-02,-1.029097319820420e-01
14.2,-2.50000000000014,-1.079422920596868e-01,-3.449861492685438e-02,+1.435197108259728e-02,-1.028209858716883e-01,+3.351368365352694e-02,-1.052075237557631e-01,+3.351368365352856e-02,-1.028209858717038e-01,+1.435197108259017e-02,-3.449861492686566e-02,-1.079422920596806e-01
14.3,-2.50000000000014,-1.126096955409682e-01,-2.707907034441773e-02,+1.144633305413587e-02,-1.026638290432104e-01,+3.133089834965024e-02,-1.008492729503500e-01,+3.133089834965307e-02,-1.026638290432259e-01,+1.144633305412645e-02,-2.707907034442752e-02,-1.126096955409658e-01
14.4,-2.50000000000014,-1.168277674797847e-01,-1.989608776714913e-02,+8.264544293740635e-03,-1.021668610807441e-01,+2.882137077263035e-02,-9.639039747736111e-02,+2.882137077263310e-02,-1.021668610807592e-01,+8.264544293729362e-03,-1.989608776715548e-02,-1.168277674797799e-01
14.5,-2.50000000000014,-1.205204203071260e-01,-1.309337854890936e-02,+4.833311746000856e-03,-1.012987375590909e-01,+2.604374605315901e-02,-9.192904276804190e-02,+2.604374605316306e-02,-1.012987375591058e-01,+4.833311745987054e-03,-1.309337854891435e-02,-1.205204203071218e-01
14.6,-2.50000000000014,-1.236211667264834e-01,-6.802677771559969e-03,+1.166350246189044e-03,-1.000133961587874e-01,+2.303521740203884e-02,-8.752865398276936e-02,+2.303521740204343e-02,-1.000133961588034e-01,+1.166350246174251e-03,-6.802677771562758e-03,-1.236211667264792e-01
14.7,-2.50000000000014,-1.260744277406667e-01,-1.141806207344331e-03,-2.732310438538966e-03,-9.825524442628254e-02,+1.981361127997535e-02,-8.321964493425817e-02,+1.981361127998010e-02,-9.825524442629972e-02,-2.732310438554582e-03,-1.141806207345129e-03,-1.260744277406653e-01
14.8,-2.50000000000013,-1.278366008921969e-01,+3.786826709651276e-03,-6.864033332503159e-03,-9.596585262482363e-02,+1.638145518526221e-02,-7.900359009075168e-02,+1.638145518526706e-02,-9.596585262484250e-02,-6.864033332518994e-03,+3.786826709650138e-03,-1.278366008921937e-01
14.9,-2.50000000000014,-1.288768865870291e-01,+7.897327010689214e-03,-1.123068354372057e-02,-9.309155233179726e-02,+1.273153789660696e-02,-7.485948488946768e-02,+1.273153789661183e-02,-9.309155233181748e-02,-1.123068354373737e-02,+7.897327010689728e-03,-1.288768865870282e-01
15,-2.50000000000014,-1.291778501864717e-01,+1.112105534426679e-02,-1.582955082161173e-02,-8.959127568931381e-02,+8.853350982574556e-03,-7.075145925886200e-02,+8.853350982581979e-03,-8.959127568933585e-02,-1.582955082162706e-02,+1.112105534426705e-02,-1.291778501864682e-01
15.1,-2.50000000000014,-1.287357279850837e-01,+1.340705919397013e-02,-2.064851823031591e-02,-8.544391817281065e-02,+4.739712356484610e-03,-6.663721432445821e-02,+4.739712356492257e-03,-8.544391817283409e-02,-2.064851823033258e-02,+1.340705919397085e-02,-1.287357279850825e-01
15.2,-2.50000000000014,-1.275604663143333e-01,+1.472223238383247e-02,-2.566187339665223e-02,-8.065456643832974e-02,+3.928758303000276e-04,-6.247640412960963e-02,+3.928758303089568e-04,-8.065456643835554e-02,-2.566187339666417e-02,+1.472223238383289e-02,-1.275604663143295e-01
15.3,-2.50000000000015,-1.256755099284034e-01,+1.505125075196359e-02,-3.082711256607662e-02,-7.525901648457800e-02,-4.170506256328772e-03,-5.823821103313669e-02,-4.170506256318204e-03,-7.525901648460523e-02,-3.082711256608471e-02,+1.505125075196486e-02,-1.256755099283968e-01
15.4,-2.50000000000014,-1.231173387989630e-01,+1.439630883944876e-02,-3.608300253010339e-02,-6.932616853572443e-02,-8.916072627815028e-03,-5.390745269365888e-02,-8.916072627805830e-03,-6.932616853575280e-02,-3.608300253011350e-02,+1.439630883944768e-02,-1.231173387989595e-01
15.5,-2.50000000000014,-1.199347752301524e-01,+1.277668627797195e-02,-4.134907442980093e-02,-6.295806007835629e-02,-1.379041560019922e-02,-4.948872187889541e-02,-1.379041560019050e-02,-6.295806007838574e-02,-4.134907442981095e-02,+1.277668627797153e-02,-1.199347752301520e-01
15.6,-2.50000000000014,-1.161880686409326e-01,+1.022815262855587e-02,-4.652661629711874e-02,-5.628750025815429e-02,-1.872183936250255e-02,-4.500825613966886e-02,-1.872183936249346e-02,-5.628750025818467e-02,-4.652661629712524e-02,+1.022815262855451e-02,-1.161880686409300e-01
15.7,-2.50000000000014,-1.119477837649196e-01,+6.802217930770064e-03,-5.150112760829274e-02,-4.947346294503050e-02,-2.362310739947877e-02,-4.051347242607366e-02,-2.362310739947080e-02,-4.947346294505956e-02,-5.150112760829804e-02,+6.802217930771036e-03,-1.119477837649175e-01
15.8,-2.50000000000014,-1.072935067807718e-01,+2.565224103896189e-03,-5.614610039956556e-02,-4.269456581527496e-02,-2.839588835164977e-02,-3.607032551324930e-02,-2.839588835164106e-02,-4.269456581530533e-02,-5.614610039956742e-02,+2.565224103896134e-03,-1.072935067807670e-01
15.9,-2.50000000000015,-1.023123969202119e-01,-2.402729668724141e-03,-6.032790517601375e-02,-3.614110829317172e-02,-3.293642642112524e-02,-3.175886704148854e-02,-3.293642642111762e-02,-3.614110829320197e-02,-6.032790517601340e-02,-2.402729668724794e-03,-1.023123969202070e-01
16,-2.50000000000014,-9.709760508774905e-02,-8.009036853717679e-03,-6.391149437705441e-02,-3.000622512634089e-02,-3.714186897919498e-02,-2.766753915186905e-02,-3.714186897918829e-02,-3.000622512637034e-02,-6.391149437705293e-02,-8.009036853719240e-03,-9.709760508774302e-02
16.1,-2.50000000000013,-9.174658818808089e-02,-1.415001781382350e-02,-6.676658709190134e-02,-2.447676929327008e-02,-4.091661461930187e-02,-2.388684598722933e-02,-4.091661461929741e-02,-2.447676929329795e-02,-6.676658709189986e-02,-1.415001781382640e-02,-9.174658818807148e-02
16.2,-2.50000000000013,-8.635934529936047e-02,-2.071254002019227e-02,-6.877397670195931e-02,-1.972451886747260e-02,-4.417808221221036e-02,-2.050307379759150e-02,-4.417808221220732e-02,-1.972451886750173e-02,-6.877397670195308e-02,-2.071254002019522e-02,-8.635934529935614e-02
16.3,-2.50000000000013,-8.103660640221150e-02,-2.757582350428013e-02,-6.983160113481809e-02,-1.589826425784688e-02,-4.686136220531054e-02,-1.759268499104685e-02,-4.686136220530877e-02,-1.589826425787621e-02,-6.983160113480885e-02,-2.757582350428492e-02,-8.103660640220742e-02
16.4,-2.50000000000013,-7.587800308594581e-02,-3.461341631087180e-02,-6.986003453126560e-02,-1.311722818395521e-02,-4.892236528198758e-02,-1.521790521192384e-02,-4.892236528198763e-02,-1.311722818398496e-02,-6.986003453125642e-02,-3.461341631087713e-02,-7.587800308594406e-02
16.5,-2.50000000000013,-7.098025243626460e-02,-4.169532022451176e-02,-6.880710049437437e-02,-1.146616307653615e-02,-5.033924091860002e-02,-1.342384569939166e-02,-5.033924091860326e-02,-1.146616307656787e-02,-6.880710049436323e-02,-4.169532022452131e-02,-7.098025243626585e-02
16.6,-2.50000000000012,-6.643538576438975e-02,-4.869023260618422e-02,-6.665135712899532e-02,-1.099232156730301e-02,-5.111204328034324e-02,-1.223731930554334e-02,-5.111204328034626e-02,-1.099232156733334e-02,-6.665135712898367e-02,-4.869023260619441e-02,-6.643538576438345e-02
16.7,-2.50000000000012,-6.232905210147639e-02,-5.546786563490638e-02,-6.340427621490430e-02,-1.170436192471691e-02,-5.126080439498046e-02,-1.166727945801239e-02,-5.126080439498267e-02,-1.170436192474745e-02,-6.340427621488942e-02,-5.546786563491842e-02,-6.232905210146507e-02
16.8,-2.50000000000012,-5.873892868494147e-02,-6.190129121362790e-02,-5.911100749796327e-02,-1.357310258718301e-02,-5.082234988278411e-02,-1.170664026697706e-02,-5.082234988278767e-02,-1.357310258721411e-02,-5.911100749794865e-02,-6.190129121364129e-02,-5.873892868493134e-02
16.9,-2.50000000000012,-5.573326536449822e-02,-6.786926227584081e-02,-5.384970302037141e-02,-1.653392755190018e-02,-4.984631444598720e-02,-1.233505468277940e-02,-4.984631444599211e-02,-1.653392755193197e-02,-5.384970302035497e-02,-6.786926227585664e-02,-5.573326536448712e-02
17,-2.50000000000011,-5.336959239615735e-02,-7.325845354003706e-02,-4.772944603038115e-02,-2.049054141552756e-02,-4.839088811103315e-02,-1.352215701370555e-02,-4.839088811103687e-02,-2.049054141555919e-02,-4.772944603036364e-02,-7.325845354005384e-02,-5.336959239614450e-02
17.1,-2.50000000000011,-5.169361356003484e-02,-7.796557299728488e-02,-4.088690880055377e-02,-2.531971578187428e-02,-4.651883198157292e-02,-1.523071375733280e-02,-4.651883198157781e-02,-2.531971578190574e-02,-4.088690880053688e-02,-7.796557299730233e-02,-5.169361356002379e-02
17.2,-2.50000000000011,-5.073830984880302e-02,-8.189929256737956e-02,-3.348191989918255e-02,-3.087663542594295e-02,-4.429424305705797e-02,-1.741919840324509e-02,-4.429424305706276e-02,-3.087663542597405e-02,-3.348191989916399e-02,-8.189929256739796e-02,-5.073830984879001e-02
17.3,-2.50000000000011,-5.052326822073284e-02,-8.498196359443261e-02,-2.569217672675823e-02,-3.700046861551257e-02,-4.178043171806275e-02,-2.004338224898299e-02,-4.178043171806739e-02,-3.700046861554205e-02,-2.569217672674015e-02,-8.498196359444976e-02,-5.052326822071861e-02
17.4,-2.50000000000011,-5.105425275986131e-02,-8.715108452443930e-02,-1.770736741927300e-02,-4.351982405334271e-02,-3.903910831043683e-02,-2.305672586526857e-02,-3.903910831044158e-02,-4.351982405337373e-02,-1.770736741925411e-02,-8.715108452445808e-02,-5.105425275985060e-02
17.5,-2.50000000000012,-5.232302580417725e-02,-8.836050326839767e-02,-9.722991696155195e-03,-5.025783051535439e-02,-3.613088873564855e-02,-2.640951996050889e-02,-3.613088873565314e-02,-5.025783051538546e-02,-9.722991696137011e-03,-8.836050326841680e-02,-5.232302580416576e-02
17.6,-2.50000000000011,-5.430742689082187e-02,-8.858134395018874e-02,-1.934159868267340e-03,-5.703666224215711e-02,-3.311692620838796e-02,-3.004696168033196e-02,-3.311692620839147e-02,-5.703666224218604e-02,-1.934159868250649e-03,-8.858134395020635e-02,-5.430742689081047e-02
17.7,-2.50000000000011,-5.697170837517894e-02,-8.780265836340201e-02,+5.470360532517468e-03,-6.368143083321738e-02,-3.006130646818669e-02,-3.390651298504180e-02,-3.006130646819068e-02,-6.368143083324450e-02,+5.470360532531233e-03,-8.780265836341922e-02,-5.697170837516759e-02
17.8,-2.50000000000011,-6.026712665207638e-02,-8.603180568588938e-02,+1.231362238530317e-02,-7.002345442339025e-02,-2.703370441025883e-02,-3.791506242735395e-02,-2.703370441026258e-02,-7.002345442341577e-02,+1.231362238531595e-02,-8.603180568590688e-02,-6.026712665206508e-02
17.9,-2.50000000000011,-6.413277892447541e-02,-8.329456949777485e-02,+1.843531319703799e-02,-7.590299360436149e-02,-2.411173488920307e-02,-4.198647256242702e-02,-2.411173488920539e-02,-7.590299360438457e-02,+1.843531319704698e-02,-8.329456949778785e-02,-6.413277892446517e-02
18,-2.50000000000011,-6.849667613563379e-02,-7.963501639470587e-02,+2.369577570537769e-02,-8.117159331385096e-02,-2.138242848873926e-02,-4.602012274487216e-02,-2.138242848874417e-02,-8.117159331387097e-02,+2.369577570538342e-02,-7.963501639471994e-02,-6.849667613562391e-02
18.1,-2.5000000000001,-7.327703307582582e-02,-7.511510208454722e-02,+2.797916157266936e-02,-8.569419678520823e-02,-1.894234788156062e-02,-4.990096349103718e-02,-1.894234788156503e-02,-8.569419678522525e-02,+2.797916157267218e-02,-7.511510208455612e-02,-7.327703307581594e-02
18.2,-2.50000000000011,-7.838375965528172e-02,-6.981401518133920e-02,+3.119569384828729e-02,-8.935118191728747e-02,-1.689600881736975e-02,-5.350145655399630e-02,-1.689600881737537e-02,-8.935118191730093e-02,+3.119569384828449e-02,-6.981401518134653e-02,-7.838375965527461e-02
18.3,-2.50000000000011,-8.372012606841389e-02,-6.382725220320307e-02,+3.328307053989626e-02,-9.204044115964163e-02,-1.535247681044851e-02,-5.668554859636001e-02,-1.535247681045352e-02,-9.204044115965263e-02,+3.328307053988999e-02,-6.382725220320712e-02,-8.372012606840576e-02
18.4,-2.5000000000001,-8.918457882498329e-02,-5.726539721670768e-02,+3.420706441366535e-02,-9.367955480548031e-02,-1.442024515896584e-02,-5.931457681503541e-02,-1.442024515897272e-02,-9.367955480548805e-02,+3.420706441365534e-02,-5.726539721671257e-02,-8.918457882497507e-02
18.5,-2.50000000000011,-9.467267452301162e-02,-5.025258412703251e-02,+3.396140893463361e-02,-9.420804194745061e-02,-1.420073933108892e-02,-6.125473801207543e-02,-1.420073933109699e-02,-9.420804194745393e-02,+3.396140893461773e-02,-5.025258412703629e-02,-9.467267452300498e-02
18.6,-2.5000000000001,-1.000791006847424e-01,-4.292460850686410e-02,+3.256705402648066e-02,-9.358958681313277e-02,-1.478099802994448e-02,-6.238551998357667e-02,-1.478099802995114e-02,-9.358958681313397e-02,+3.256705402646316e-02,-4.292460850686372e-02,-1.000791006847348e-01
18.7,-2.5000000000001,-1.052997457583900e-01,-3.542666427683781e-02,+3.007088099778195e-02,-9.181407490963345e-02,-1.622623983281917e-02,-6.260831244018852e-02,-1.622623983282731e-02,-9.181407490963048e-02,+3.007088099775954e-02,-3.542666427683420e-02,-1.052997457583805e-01
18.8,-2.5000000000001,-1.102337806017819e-01,-2.791068591297658e-02,+2.654393785401035e-02,-8.889921699040740e-02,-1.857309228999584e-02,-6.185432411768310e-02,-1.857309229000196e-02,-8.889921699040364e-02,+2.654393785398628e-02,-2.791068591297203e-02,-1.102337806017741e-01
18.9,-2.5000000000001,-1.147857092652798e-01,-2.053229264416837e-02,+2.207924170024898e-02,-8.489151252650762e-02,-2.182426296724475e-02,-6.009092859408605e-02,-2.182426296725099e-02,-8.489151252650134e-02,+2.207924170022140e-02,-2.053229264416207e-02,-1.147857092652694e-01
19,-2.5000000000001,-1.188673461137256e-01,-1.344735520817250e-02,+1.678916568160101e-02,-7.986631297931897e-02,-2.594531179864223e-02,-5.732567916347198e-02,-2.594531179864626e-02,-7.986631297931215e-02,+1.678916568157331e-02,-1.344735520816721e-02,-1.188673461137173e-01
19.1,-2.5000000000001,-1.223996746241373e-01,-6.808228082181388e-03,+1.080241282735933e-02,-7.392677137957823e-02,-3.086403072038654e-02,-5.360741604214386e-02,-3.086403072038987e-02,-7.392677137957118e-02,+1.080241282733130e-02,-6.808228082177856e-03,-1.223996746241245e-01
19.2,-2.5000000000001,-1.253145414371080e-01,-7.597285558156311e-04,+4.260567277113114e-03,-6.720153692713736e-02,-3.647267271691346e-02,-4.902417528026665e-02,-3.647267271691544e-02,-6.720153692712992e-02,+4.260567277084570e-03,-7.597285558124809e-04,-1.253145414370987e-01
19.3,-2.5000000000001,-1.275561425010854e-01,+4.565032770369302e-03,-2.685776682006678e-03,-5.984113384671392e-02,-4.263302581348485e-02,-4.369790785414469e-02,-4.263302581348802e-02,-5.984113384670627e-02,-2.685776682035315e-03,+4.565032770370107e-03,-1.275561425010744e-01
19.4,-2.5000000000001,-1.290822559011962e-01,+9.048823077152232e-03,-9.881291335325242e-03,-5.201307321513429e-02,-4.918402614319833e-02,-3.777635296458812e-02,-4.918402614320024e-02,-5.201307321512439e-02,-9.881291335354925e-03,+9.048823077152600e-03,-1.290822559011828e-01
19.5,-2.5000000000001,-1.298651840287446e-01,+1.259429867687164e-02,-1.717054014529987e-02,-4.389585171298396e-02,-5.595137788919236e-02,-3.142268980129326e-02,-5.595137788919422e-02,-4.389585171297305e-02,-1.717054014533053e-02,+1.259429867687010e-02,-1.298651840287298e-01
19.6,-2.50000000000011,-1.298923675100766e-01,+1.512766226951397e-02,-2.440284914039876e-02,-3.567210675541566e-02,-6.275841569075878e-02,-2.480384634572287e-02,-6.275841569075857e-02,-3.567210675540423e-02,-2.440284914042793e-02,+1.512766226951247e-02,-1.298923675100630e-01
19.7,-2.5000000000001,-1.291666452501971e-01,+1.660177630175958e-02,-3.143726382465058e-02,-2.752128767440340e-02,-6.943733948835641e-02,-1.807848012830119e-02,-6.943733948835620e-02,-2.752128767439087e-02,-3.143726382467939e-02,+1.660177630175743e-02,-1.291666452501821e-01
19.8,-2.50000000000011,-1.277061382336826e-01,+1.699853137150583e-02,-3.814738157334976e-02,-1.961228467974675e-02,-7.583986526654952e-02,-1.138572323634465e-02,-7.583986526655070e-02,-1.961228467973398e-02,-3.814738157337948e-02,+1.699853137150086e-02,-1.277061382336694e-01
19.9,-2.5000000000001,-1.255437492207313e-01,+1.633029806168657e-02,-4.442579704575961e-02,-1.209649697908165e-02,-8.184639642762044e-02,-4.835716776983186e-03,-8.184639642762044e-02,-1.209649697906858e-02,-4.442579704578751e-02,+1.633029806168227e-02,-1.255437492207160e-01
20,-2.50000000000011,-1.227262786598686e-01,+1.464030877363834e-02,-5.018787697686980e-02,-5.101835080026534e-03,-8.737289907905219e-02,+1.497162044368586e-03,-8.737289907905312e-02,-5.101835080013684e-03,-5.018787697689610e-02,+1.464030877363077e-02,-1.227262786598576e-01
